positions are stored as x, y, yaw
image1 12 17 90
image2 12 17 180
image3 13 16 0
image4 13 16 90
image5 13 16 180
image6 12 14 90
image7 12 14 180
image8 14 12 90
image9 14 12 180
image10 17 12 90
image11 17 12 180
image12 17 12 270
image13 19 13 0
image14 19 13 90
image15 19 13 180
image16 19 13 270
image17 21 13 0
image18 21 13 90
image19 21 13 180
image20 21 13 270
image21 21 15 0
image22 21 15 90
image23 21 15 180
image24 21 15 270
image25 21 17 0
image26 21 17 90
image27 21 17 180
image28 21 17 270
image29 19 18 0
image30 19 18 90
image31 19 18 180
image32 19 18 270
image33 17 18 0
image34 17 18 90
image35 17 18 180
image36 17 18 270
image37 16 18 0
image38 16 18 90
image39 16 18 180
image40 16 18 270
image41 22 13 0
image42 22 13 90
image43 22 13 180
image44 22 13 270
image45 22 15 0
image46 22 15 90
image47 22 15 180
image48 22 15 270
image49 24 13 0
image50 24 13 90
image51 24 13 180
image52 24 13 270
image53 24 15 0
image54 24 15 90
image55 24 15 180
image56 24 15 270
image60 27 15 0
image61 27 15 90
image62 27 15 180
image63 27 15 270
image61 25 18 0
image62 25 18 90
image63 25 18 180
image64 25 18 270